[general]
creator = Jk23

[none 1]
nopassengerstairs = 0
nopassengerbus = 1
nopassengerbus_deboarding = 1
ignoreicaoprefixes = 0
ignorepreferredexit = 0
snapleftpushbackpos = 0
snaprightpushbackpos = 0
undergroundrefueling = 0
dontcreatejetways = 0
disablepaxbarriers = 1
disablepaxbarriers_deboarding = 0
parkingsystem = Marshaller
hasjetway = 0
pushback = 0
pushbacktype = -1
pushbackaddpos = []
pushbacklabels = Nose Right/Tail Left (LEFT)|Nose Left/Tail Right (RIGHT)
maxwingspan = 24.0
radiusleft = 12.0
radiusright = 9.6
gatedistancethreshold = 25.0
loadertype = 3 3 2
airlinecodes = 
type = 3
passengerpaththickness = 2.5
passengerpaththickness_deboarding = 2.5
walkertype = GsxJetwayPassenger
walkerpaththickness = 2.5
walkerloopstart = 0
usercustomized = 1
pushback_pos = 6.97240951388852 72.8961932928642 149.946929931641
baggage_loader_front_pos = 6.97211785556954 72.896331857908 -30.0530700683594
baggage_train_front_pos = 6.97243271036062 72.8961865522046 149.946929931641
this_parking_pos = 6.97219132670334 72.8961380893899 14.9469299316406
parkingsystem_stopposition = 6.97223714492826 72.8961510113408 14.9469299316406
handlingtexture = 
cateringtexture = 
passengerentergatepos = (6.972382310134103, 72.8964275990649, 0.0)
passengerwaypoints = [(6.97226753568853, 72.896051455408, 0.0), (6.972307709618257, 72.89610693194022, 0.0), (6.972308030443665, 72.89620212398302, 0.0), (6.9722642060657005, 72.8962644828502, 0.0), (6.972291382618907, 72.89631309996848, 0.0), (6.972317654002795, 72.89637037346236, 0.0)]

[none 2]
nopassengerstairs = 0
nopassengerbus = 0
nopassengerbus_deboarding = 0
ignoreicaoprefixes = 0
ignorepreferredexit = 0
snapleftpushbackpos = 0
snaprightpushbackpos = 0
undergroundrefueling = 0
dontcreatejetways = 0
disablepaxbarriers = 0
disablepaxbarriers_deboarding = 0
parkingsystem = Marshaller
hasjetway = 0
pushback = 3
pushbacktype = 0
pushbackaddpos = []
pushbacklabels = Nose Right/Tail Left (LEFT)|Straight Back
maxwingspan = 24.0
radiusleft = 12.0
radiusright = 9.6
gatedistancethreshold = 25.0
loadertype = 3 3 2
airlinecodes = 
type = 3
passengerpaththickness = 2.5
passengerpaththickness_deboarding = 2.5
walkertype = GsxJetwayPassenger
walkerpaththickness = 2.5
walkerloopstart = 0
pushback_pos = 6.9727914134249 72.8956432671038 60.1698608398438
baggage_loader_front_pos = 6.97270388876817 72.8960220967023 -29.8301391601564
baggage_train_front_pos = 6.97290631590941 72.8959209524996 -29.8301391601564
this_parking_pos = 6.97266301424568 72.8957889305527 -29.8301391601562
parkingsystem_stopposition = 6.97272303216469 72.8957541833779 -29.8301391601562
usercustomized = 1
handlingtexture = 
cateringtexture = 
pushbackrightpos = 6.972437491 72.89593329 -29.83013916

